可以达到目标的状态
（以下参考数据是另外一个程序运行的结果,例如32：step=4 是第32组测试数据，step=4表示最少需要移动的次数，可以验证）

32:   step = 4
2 3 0 
1 8 4 
7 6 5


40:   step = 5
1 4 2 
8 6 3 
7 0 5 


85:   step = 6
0 1 3 
8 2 6 
7 5 4 


324:   step = 8
8 1 2 
4 3 5 
7 6 0 


1429:   step = 12
8 1 4 
6 0 2 
3 7 5 


27379:   step = 18
0 7 1 
2 6 3 
8 4 5


68713:   step = 21
8 7 6 
0 2 4 
1 3 5 


132591:   step = 24
6 3 2 
7 1 5 
0 8 4 



180903:   step = 29
4 2 1 
0 3 8 
5 6 7 



181440:   step = 30
3 7 0 
4 6 2 
5 8 1 


无解的初始状态
1 3 6
7 0 4
8 2 5






